526
419
505
402
816
209
293
160
739
728
658
642
84
892
98
570
376
741
554
629
621
542
763
111
78
308
116
153
842
652
323
461
168
194
419
192
492
292
680
289
267
205
679
724
499
699
742
552
340
888
434
278
462
300
788
848
298
208
176
871
880
327
166
542
585
430
562
607
297
346
895
863
350
720
675
753
431
332
605
283
359
249
819
541
371
756
779
897
544
826
897
364
425
182
875
644
745
290
872
775
269
881
539
532
579
752
889
233
587
825
473
618
716
470
597
165
405
151
464
315
653
840
714
682
694
619
474
488
381
669
599
346
582
570
583
556
706
750
892
755
802
618
126
890
329
273
527
496
294
789
681
677
636
313
271
593
866
297
105
674
637
678
150
122
903
330
221
98
705
165
855
766
102
259
803
168
380
221
193
420
867
587
174
286
127
877
706
865
113
829
668
182
668
462
572
711
895
192
371
636
257
503
285
678
863
169
175
748
347
395
595
779
337
164
488
873
478
467
872
498
735
489
188
706
656
342
651
302
642
674
524
584
90
600
458
245
147
754
94
618
340
735
603
643
295
897
844
96
722
381
765
680
249
238
231
114
359
452
443
167
719
367
330
283
279
593
291
217
149
287
505
344
130
803
347
766
877
521
804
852
897
643
212
607
815
752
748
262
293
387
748
559
516
240
131
601
388
719
454
142
643
599
476
475
839
175
898
451
626
771
171
876
316
276
154
257
613
238
83
753
889
409
480
567
260
264
306
432
762
831
328
458
435
371
650
731
350
719
775
645
488
314
745
162
585
118
648
587
905
570
299
586
439
224
633
817
462
572
104
610
430
135
648
574
369
643
157
824
737
180
300
466
644
702
529
668
130
450
678
223
311
542
614
423
780
447
383
602
504
309
237
359
771
129
225
240
579
721
653
310
893
322
884
433
101
771
264
714
841
318
464
344
772
872
908
743
178
122
136
545
523
219
870
607
616
374
262
356
397
428
195
594
370
689
405
771
276
785
354
467
92
282
92
436
866
505
807
886
356
231
177
482
631
450
843
731
715
440
643
112
567
898
563
519
238
272
607
457
747
399
620
549
239
867
176
812
510
351
157
571
666
175
369
669
113
486
461
190
663
784
538
147
262
841
847
509
838
436
720
355
457
273
352
568
518
225
867
712
170
846
598
659
609
545
539
410
152
846
585
455
862
379
270
841
488
393
561
695
84
562
366
741
573
465
301
552
863
286
833
519
104
641
844
198
733
476
267
742
396
787
506
533
324
141
536
867
235
673
592
662
453
452
869
756
181
882
175
870
423
846
331
610
809
528
232
243
209
360
554
283
306
84
855
697
555
833
606
873
597
557
642
816
244
194
578
573
91
373
232
311
527
383
844
834
856
670
902
807
225
631
800
883
683
505
468
579
325
222
697
636
469
655
320
86
278
336
714
471
90
564
610
134
829
294
829
257
780
779
103
159
745
161
235
332
864
353
489
214
133
91
641
361
136
441
640
88
837
700
395
546
817
535
621
518
391
203
554
883
480
99
719
559
800
858
122
830
899
141
445
188
302
728
674
563
308
725
597
497
160
91
756
94
265
93
797
96
215
441
263
875
86
268
274
590
402
730
343
399
611
527
469
511
825
565
289
655
558
420
424
141
176
806
722
594
877
524
670
797
377
476
462
634
852
743
839
710
545
460
846
507
398
374
799
452
472
821
466
718
319
213
312
208
510
213
848
308
282
756
491
745
284
196
94
427
842
851
539
564
654
308
837
157
529
497
558
547
731
631
645
109
895
835
418
252
167
651
629
377
773
249
500
140
670
535
430
860
828
651
221
288
698
293
353
683
444
321
881
445
632
769
152
615
545
185
806
736
243
688
121
874
453
712
905
365
348
687
228
464
853
334
861
562
283
288
122
326
141
257
548
427
596
829
140
525
406
518
213
350
351
283
572
713
505
502
661
100
195
471
654
475
285
855
437
178
696
327
514
824
332
904
566
207
857
822
750
716
711
334
128
653
120
647
188
325
490
144
467
905
196
726
818
838
692
875
405
366
342
690
153
271
800
723
368
191
240
571
136
579
753
277
753
94
839
301
735
282
316
538
906
732
224
115
448
649
283
335
131
643
707
815
282
462
275
382
199
215
531
496
145
515
535
483
661
490
376
608
491
462
585
828
658
547
877
860
533
836
281
580
248
146
813
553
867
742
782
523
348
516
834
847
452
759
711
603
214
412
77
454
235
863
92
550
512
432
124
657
598
437
561
551
365
147
747
427
104
790
542
611
342
812
457
631
575
523
808
167
93
80
556
675
497
330
209
462
343
267
717
898
582
604
314
646
519
543
429
380
187
651
397
358
296
309
163
686
82
516
858
743
145
881
370
729
264
632
485
361
659
655
657
122
817
468
342
520
380
280
435
215
582
626
904
756
800
381
187
498
188
187
645
712
414
286
716
561
632
272
441
598
754
452
520
758
499
362
827
126
175
680
685
656
273
543
136
141
850
563
452
225
810
295
122
770
535
195
480
514
398
284
350
654
165
196
334
180
754
586
474
733
357
503
189
690
279
607
445
392
769
905
692
218
703
681
495
163
231
348
590
703
109
674
278
841
448
430
320
868
639
861
147
616
684
346
129
580
583
867
272
264
866
545
190
445
200
90
457
677
432
484
678
257
578
424
119
245
568
329
665
342
242
617
134
537
225
725
314
101
667
594
281
259
218
486
825
562
175
603
141
149
105
122
721
255
184
180
895
81
847
659
397
661
255
669
709
656
264
794
382
816
441
509
442
581
474
115
839
420
448
632
688
780
674
682
194
421
119
841
412
585
816
329
499
282
273
215
758
428
148
665
662
395
742
529
101
306
221
552
700
601
378
521
487
380
898
260
640
767
361
113
521
848
908
582
638
250
234
313
232
830
108
668
137
565
568
668
144
191
293
841
573
550
100
405
607
433
307
246
445
536
666
156
793
848
197
333
193
750
691
317
304
809
284
671
174
906
451
694
292
586
453
401
889
385
396
426
305
463
358
573
801
142
225
660
801
533
844
330
234
194
164
733
170
236
896
696
722
702
319
341
839
616
180
421
150
337
87
839
486
533
771
899
661
253
100
566
491
634
774
172
456
361
297
407
639
189
440
872
253
235
751
738
215
578
698
284
799
472
878
758
560
890
535
807
159
313
388
864
343
206
262
568
347
422
662
908
534
409
298
818
79
460
109
813
243
674
858
288
852
485
890
230
387
294
610
297
97
573
544
304
231
732
111
828
402
512
366
154
900
277
473
108
683
870
470
640
625
781
509
899
751
795
613
855
627
770
93
267
658
467
248
456
95
564
770
286
185
172
306
227
564
113
902
773
174
628
362
500
672
795
660
190
801
150
348
99
315
842
354
707
352
660
548
628
390
599
816
686
174
457
731
807
662
729
488
223
664
557
737
370
523
237
79
615
366
793
250
874
880
778
464
728
625
284
393
436
800
776
669
213
887
377
243
384
715
246
330
211
845
880
499
757
671
317
207
744
728
360
607
869
482
811
889
790
622
150
578
684
708
589
251
741
386
404
593
195
160
131
133
567
203
798
701
682
95
235
210
96
885
567
226
808
283
155
804
391
630
297
228
473
244
469
91
693
112
328
856
641
771
129
311
803
170
200
243
759
328
484
192
707
315
438
676
324
480
713
729
745
891
159
506
848
575
221
524
637
313
836
714
578
584
234
164
715
350
294
611
350
635
900
840
205
339
877
824
149
726
743
877
861
772
399
730
367
871
123
235
291
258
706
529
693
465
798
119
710
647
694
215
512
141
448
508
523
736
617
702
868
165
392
799
569
725
899
866
640
167
520
596
387
893
572
519
389
203
119
441
92
632
347
353
242
325
894
764
554
895
165
179
87
854
468
526
485
708
828
466
249
890
770
549
289
619
503
488
808
744
373
750
475
285
154
211
133
700
395
142
684
277
618
777
390
850
114
160
537
883
570
759
742
215
693
449
437
375
717
797
660
92
297
769
686
438
661
188
333
720
177
189
882
689
520
631
77
316
855
327
180
714
869
581
220
367
791
598
85
670
536
762
667
554
659
528
620
671
204
840
380
690
218
147
143
858
109
311
254
342
534
633
874
852
209
422
727
293
689
876
151
630
288
688
691
618
266
489
113
659
439
565
562
677
825
333
453
690
555
634
190
882
810
345
783
109
470
703
283
409
335
624
792
127
456
320
220
385
623
127
859
712
361
454
782
848
154
530
97
270
626
262
788
426
740
104
772
832
367
681
899
543
345
437
695
478
103
804
568
508
633
460
619
218
228
689
293
903
229
803
110
841
355
817
164
622
625
456
783
893
308
577
271
275
473
366
245
614
320
653
676
333
218
309
427
567
398
830
83
644
123
400
471
569
786
826
570
668
320
109
425
128
334
467
404
620
559
328
488
462
372
613
453
629
468
472
559
376
705
349
678
430
428
862
211
295
883
175
297
427
350
500
258
306
793
401
786
334
654
713
331
546
471
226
801
186
799
457
492
665
612
792
677
456
431
188
244
257
171
468
416
528
697
846
288
477
663
247
796
756
648
356
270
835
824
832
647
343
404
396
537
793
853
745
501
527
678
148
318
288
644
283
781
749
471
397
369
718
449
658
522
268
899
873
620
531
622
306
466
612
107
141
653

